h_reversedOrder = [-.00345882;
        -.00245168;
        -.000650374;
        .000215707;
        -.000363456;
        -.000637789;
        -.000650917;
        -.000837675;
        -.00142679;
        -.0016463;
        -.00126522;
        -.0012182;
        -.00166483;
        -.00228913;
        -.00257111;
        -.00116562;
        .000605193;
        .000733315;
        -.000588577;
        -.00174757;
        -.00191707;
        -.00086546;
        -.000565101;
        -.00135689;
        -.00173766;
        -.00127271;
        .000100784;
        .00144982;
        .00162872;
        .00113999;
        .00154984;
        .00183381;
        .00137061;
        .00026833;
        -.0012594;
        -.00140881;
        .000884908;
        .00318947;
        .00289245;
        .000702496;
        -.0023587;
        -.00320324;
        -.000230011;
        .00270609;
        .0029307;
        .00232439;
        .0021143;
        .00302413;
        .00362949;
        .00175528;
        -.000181338;
        .000355727;
        .00261223;
        .00480638;
        .0049931;
        .00311398;
        .00191375;
        .0013323;
        -.00102385;
        -.00347746;
        -.00505468;
        -.0050643;
        -.00235565;
        -.000954766;
        -.00338273;
        -.00549207;
        -.00610101;
        -.00498332;
        -.00202679;
        -.00174111;
        -.00588722;
        -.0104133;
        -.010797;
        -.0073623;
        -.00281096;
        -.000505277;
        -.000255057;
        -.00244087;
        -.00392936;
        -.000348543;
        .00330814;
        .00142757;
        -.00350739;
        -.00438536;
        .000533834;
        .00891207;
        .0135609;
        .00543721;
        -.0057945;
        -.00271909;
        .0112518;
        .0199242;
        .0146557;
        .00315067;
        .000802167;
        .00929233;
        .0138923;
        .00737864;
        .00163864;
        .0101521;
        .0253318;
        .023143;
        -.00182286;
        -.0225339;
        -.0133048;
        .0155526;
        .0301706;
        .0099956;
        -.0196771;
        -.0254878;
        -.00777964;
        .012105;
        .0112316;
        -.0122767;
        -.0350319;
        -.0361468;
        -.0241112;
        -.00726413;
        -.00649136;
        -.0273996;
        -.0434319;
        -.0415343;
        -.00887466;
        .0403897;
        .0603737;
        .04135;
        .0164107;
        -.00336954;
        -.00796661;
        .0018342;
        .00320333;
        -.00106838;
        -.00183438;
        .000578599;
        .00181816;
        .00133048;
        .000841675;
        .000587;
        .000284022;
        .000263763;
        .000801701;
        .00128626;
        .00143596;
        .000951938;
        -3.82355e-5;
        -.000325707;
        8.01433e-5;
        .00056503;
        .000694216;
        .000776407;
        .000576589;
        .000222031;
        -3.80104e-5;
        -.0002636;
        .000143268;
        .00030157;
        .000456237;
        -5.76378e-5;
        -.00117893;
        -.00150157;
        -.00118906;
        -.000318827;
        .000494;
        .00052503;
        -.000151014;
        -.00112186;
        -.00142446;
        -.000732708;
        -.000237204;
        -5.26665e-5;
        -.000578671;
        -.00105693;
        -.000667278;
        2.37817e-6];
