h_reversedOrder = [-.00370531;
        -.000105796;
        .00173994;
        .00121462;
        -.000950252;
        -.00214957;
        -.00230667;
        -.00103914;
        .00023585;
        .00161171;
        .0025913;
        .00146405;
        9.11698e-5;
        -.000432885;
        .000793226;
        .00398193;
        .00508515;
        .00390701;
        .00260041;
        .001437;
        .00140275;
        .00193278;
        .00277029;
        .0044879;
        .00519647;
        .00411773;
        .00107033;
        -.00135412;
        .000712674;
        .00329818;
        .0011692;
        -.00356889;
        -.00417622;
        .000224292;
        .00314732;
        .00185201;
        -.0025043;
        -.0053873;
        -.00254072;
        -.00188207;
        -.0082774;
        -.0142502;
        -.0106193;
        -.000748808;
        -2.58277e-6;
        -.00773689;
        -.0147447;
        -.012838;
        .00391581;
        .0194694;
        .0194498;
        .0103489;
        .00151498;
        -.0021149;
        -.000422539;
        .00185044;
        .00156914;
        .0006416;
        .000338815;
        .000278609;
        .00025976;
        .000339007;
        .000286876;
        -9.38774e-5;
        -.000504682;
        -.000827755;
        -.000753073;
        -.000581214;
        -.000607796;
        -.000770232;
        -.000975828;
        -.000929252;
        -.000701243;
        -.000478584;
        -.000275717;
        -.000202193;
        -.000186929;
        -.000106004;
        -2.2279e-5;
        2.40516e-5;
        .000167683;
        .000199166;
        8.71865e-6;
        -.000157425;
        -.000321957;
        -.000174505;
        .000475336;
        .000927618;
        .00114978;
        .00125227;
        .00127566;
        .00134758;
        .00104532;
        .00059661;
        -2.72187e-5;
        -.000258437;
        -.000243038;
        -.000515367;
        -.000931337;
        -.00138771];
        
        
        h_reversedOrder = [-.000180919;
        -.000997931;
        -.0004449;
        -.00047593;
        -.000639301;
        -.000649186;
        .00555079;
        .00447134;
        .00389697;
        .00346089;
        .00297224;
        .00249724;
        .00182124;
        .000768589;
        -.000338324;
        -.00135706;
        -.00196314;
        -.00243778;
        -.00305745;
        -.00373475;
        -.00437152;
        -.00465965;
        -.00466008;
        -.00454831;
        -.00433516;
        -.00413516;
        -.00387466;
        -.00343701;
        -.00289431;
        -.00229916;
        -.00153224;
        -.000824895;
        -.000307999;
        .000239365;
        .000779169;
        .00160607;
        .00289066;
        .00390586;
        .00459382;
        .00506128;
        .00534314;
        .00556197;
        .00528406;
        .00472972;
        .00386914;
        .00327664;
        .00282774;
        .00199737;
        .000949519;
        -.000211079];
        
        h_reversedOrder = [.00580578;
        .00778747;
        .00988831;
        .0390635;
        .0301109;
        .0206488;
        .0108127;
        .000352566;
        -.0102843;
        -.0206967];
