h_reversedOrder = [-1.90363e-5;
        -5.83813e-5;
        4.77399e-5;
        6.99796e-5;
        .000164919;
        .000133417;
        2.97531e-5;
        -.000329519;
        -.000397838;
        -.000281509;
        -.000391116;
        -.000300689;
        -.000172467;
        -6.37553e-5;
        5.10306e-5;
        3.07428e-5;
        5.09269e-5;
        .000141331;
        9.01753e-5;
        .000206139;
        .000238357;
        .000257906;
        .000363535;
        .000225165;
        .000272887;
        .000116879;
        -.000247124;
        .00043836;
        -.00129281;
        -.00112155;
        -.000915468;
        -.000686305;
        -.000438394;
        -.000172344;
        .000103083;
        .000363233;
        .000609556;
        .000838412;
        .00105211;
        .00123782;
        .00138984;
        .00149534;
        .00155233;
        .00156713;
        .00155073;
        .00148783;
        .00137731;
        .00122468;
        .00103293;
        .000805215;
        .000562114;
        .000303578;
        3.26489e-5;
        -.000244602;
        -.000519369;
        -.000775709;
        -.00100853;
        -.00121328;
        -.00137799;
        -.00151305;
        -.00161055;
        -.00165794;
        -.00165524;
        -.00159378;
        -.00149061;
        -.00135034;
        -.00117265;
        -.000962505;
        -.000722772;
        -.000454466;
        -.000173532;
        .000114353;
        .00039397;
        .000653672;
        .000891867;
        .00110951;
        .0012978;
        .00144921;
        .00155169;
        .00160833;
        .00160906;
        .0015603;
        .00146841;
        .00133187;
        .00115013;
        .000931037;
        .000676929;
        .000410605;
        .00011866;
        -.000179969;
        -.000471547;
        -.000746983;
        -.000999008;
        -.00122167;
        -.00140325;
        -.0015497;
        -.00164974;
        -.00170202;
        -.00170151;
        -.00164296;
        -.00153912;
        -.00138773;
        -.00120578;
        -.00098774;
        -.000732548;
        -.000448766;
        -.000149515;
        .000153026;
        .000455398;
        .000750125;
        .00102532;
        .00127826;
        .00148847;
        .00164906;
        .00175589;
        .00182305;
        .001837;
        .00179474;
        .00168533;
        .00152647;
        .00131342;
        .00106716;
        .00079562;
        .000505188;
        .000196754;
        -.000127874;
        -.000460475;
        -.000787409;
        -.00108471;
        -.0013508;
        -.00157266;
        -.00175795;
        -.00188861;
        -.00197083;
        -.00199405;
        -.00195371;
        -.00184513;
        -.00168176;
        -.00147124;
        -.0012241;
        -.000938534;
        -.000613978;
        -.000264835;
        9.86779e-5;
        .000458442;
        .000794423;
        .00110481;
        .00138809;
        .00164445;
        .0018539;
        .00200081;
        .00208884;
        .00211607;
        .00208401;
        .00199128;
        .00182785];
