Lms taps 156



h_reversedOrder = [.00294736;
        .000923412;
        .000298108;
        2.1085e-5;
        .000357793;
        .000385887;
        6.68456e-5;
        -.000499846;
        -.000794392;
        -.000734535;
        -.000669743;
        .000337438;
        .00180035;
        .00232725;
        .001954;
        .00107022;
        .000727461;
        .00118531;
        .00244532;
        .00307966;
        .0023003;
        .00129804;
        .00038423;
        .000311539;
        .00098559;
        .00195834;
        .00228275;
        .00153445;
        .000325589;
        -.000639358;
        -.000978332;
        -.000135827;
        .00127694;
        .00139517;
        .000752742;
        -.000745829;
        -.00217919;
        -.00286694;
        -.00201246;
        -.000365359;
        .00037751;
        -.000366584;
        -.00311823;
        -.00519399;
        -.00479331;
        -.00130815;
        .00308185;
        .00303545;
        -.00199793;
        -.0073745;
        -.00922203;
        -.00663964;
        -.00229032;
        -.00114559;
        -.00421662;
        -.00637277;
        -.00445934;
        .000199641;
        .00441337;
        .0056942;
        .00385455;
        .00137852;
        6.66145e-5;
        -.000194117;
        .000145069;
        .000984877;
        .00311986;
        .00345661;
        .000374082;
        -.00105589;
        .00128786;
        .00683035;
        .013166;
        .0136618;
        .00461195;
        -.00433799;
        -.00303174;
        .00313268;
        .00815966;
        .00953524;
        .0057493;
        .000629868;
        -.00146321;
        .00293331;
        .00962781;
        .0135219;
        .0144029;
        .00846986;
        -.00559665;
        -.0141136;
        -.0052812;
        .00671357;
        .00975574;
        .00392557;
        -.00719461;
        -.0138529;
        -.00323538;
        .0152146;
        .0164047;
        .0025673;
        -.0194085;
        -.0360284;
        -.0303593;
        -.00846219;
        .00671564;
        -.00161949;
        -.0229469;
        -.0397986;
        -.0287127;
        .00768923;
        .0379607;
        .042093;
        .0225401;
        .00309838;
        -.00430219;
        -.000402963;
        .00600415;
        .00449026;
        .000755773;
        .000934595;
        .00369256;
        .00518898;
        .00464203;
        .00364469;
        .00269383;
        .00221286;
        .00205636;
        .00254145;
        .00307467;
        .00330464;
        .00290694;
        .00226859;
        .00197032;
        .00174867;
        .00197957;
        .00238465;
        .00234578;
        .0018226;
        .00114975;
        -1.30805e-5;
        -.00115592;
        -.00100762;
        -.000199766;
        .000264727;
        -.000134201;
        -.00110158;
        -.00224172;
        -.00229165;
        -.00157863;
        -.00113651;
        -.00110854;
        -.00134423;
        -.00138564;
        -.00113366;
        -.00109788;
        -.0013293];
