h_reversedOrder = [-.00345882;
        -.00245168;
        -.000650374;
        .000215707;
        -.000363456;
        -.000637789;
        -.000650917;
        -.000837675;
        -.00142679;
        -.0016463;
        -.00126522;
        -.0012182;
        -.00166483;
        -.00228913;
        -.00257111;
        -.00116562;
        .000605193;
        .000733315;
        -.000588577;
        -.00174757;
        -.00191707;
        -.00086546;
        -.000565101;
        -.00135689;
        -.00173766;
        -.00127271;
        .000100784;
        .00144982;
        .00162872;
        .00113999;
        .00154984;
        .00183381;
        .00137061;
        .00026833;
        -.0012594;
        -.00140881;
        .000884908;
        .00318947;
        .00289245;
        .000702496;
        -.0023587;
        -.00320324;
        -.000230011;
        .00270609;
        .0029307;
        .00232439;
        .0021143;
        .00302413;
        .00362949;
        .00175528;
        -.000181338;
        .000355727;
        .00261223;
        .00480638;
        .0049931;
        .00311398;
        .00191375;
        .0013323;
        -.00102385;
        -.00347746;
        -.00505468;
        -.0050643;
        -.00235565;
        -.000954766;
        -.00338273;
        -.00549207;
        -.00610101;
        -.00498332;
        -.00202679;
        -.00174111;
        -.00588722;
        -.0104133;
        -.010797;
        -.0073623;
        -.00281096;
        -.000505277;
        -.000255057;
        -.00244087;
        -.00392936;
        -.000348543;
        .00330814;
        .00142757;
        -.00350739;
        -.00438536;
        .000533834;
        .00891207;
        .0135609;
        .00543721;
        -.0057945;
        -.00271909;
        .0112518;
        .0199242;
        .0146557;
        .00315067;
        .000802167;
        .00929233;
        .0138923;
        .00737864;
        .00163864;
        .0101521;
        .0253318;
        .023143;
        -.00182286;
        -.0225339;
        -.0133048;
        .0155526;
        .0301706;
        .0099956;
        -.0196771;
        -.0254878;
        -.00777964;
        .012105;
        .0112316;
        -.0122767;
        -.0350319;
        -.0361468;
        -.0241112;
        -.00726413;
        -.00649136;
        -.0273996;
        -.0434319;
        -.0415343;
        -.00887466;
        .0403897;
        .0603737;
        .04135;
        .0164107;
        -.00336954;
        -.00796661;
        .0018342;
        .00320333;
        -.00106838;
        -.00183438;
        .000578599;
        .00181816;
        .00133048;
        .000841675;
        .000587;
        .000284022;
        .000263763;
        .000801701;
        .00128626;
        .00143596;
        .000951938;
        -3.82355e-5;
        -.000325707;
        8.01433e-5;
        .00056503;
        .000694216;
        .000776407;
        .000576589;
        .000222031;
        -3.80104e-5;
        -.0002636;
        .000143268;
        .00030157;
        .000456237;
        -5.76378e-5;
        -.00117893;
        -.00150157;
        -.00118906;
        -.000318827;
        .000494;
        .00052503;
        -.000151014;
        -.00112186;
        -.00142446;
        -.000732708;
        -.000237204;
        -5.26665e-5;
        -.000578671;
        -.00105693;
        -.000667278;
        2.37817e-6];
Disturbance source set to cosine
Filter coefficients in reversed order (use e.g. 'flipud(h)' in Matlab to restore actual order)
h_reversedOrder = [-.00076454;
        -.00070855;
        .00109395;
        .00226541;
        .00210024;
        .00194168;
        .00183273;
        .00125405;
        .00018449;
        .000128371;
        .000741393;
        .00102741;
        .000938285;
        .000724069;
        .000619663;
        .00194079;
        .003686;
        .00291282;
        .000126226;
        -.001487;
        -.00132069;
        .00043687;
        .000748857;
        -.00169985;
        -.00359189;
        -.00376338;
        -.0020021;
        .00023542;
        .000287974;
        -.00127315;
        -.00101097;
        7.66369e-5;
        -.000133795;
        -.000888484;
        -.00287758;
        -.00388733;
        -.000689245;
        .00202198;
        .00143342;
        -.000494392;
        -.0038086;
        -.00475104;
        -.000632982;
        .00279902;
        .00232625;
        .00163232;
        .00190657;
        .00386996;
        .00520181;
        .00279071;
        .000649756;
        .00133091;
        .00399067;
        .00661595;
        .00564634;
        .00147184;
        .000143757;
        .00123176;
        -.000262719;
        -.00249849;
        -.00501162;
        -.00588991;
        -.00170981;
        .00065025;
        -.00337625;
        -.00707391;
        -.00734114;
        -.00558676;
        -.00147827;
        -.00131491;
        -.00868386;
        -.0147951;
        -.0126235;
        -.00649484;
        -.0021695;
        -.000594333;
        -.000604467;
        -.00392671;
        -.0068967;
        -.000419514;
        .00729185;
        .00446094;
        -.00407336;
        -.00817232;
        -.00375266;
        .00997309;
        .0211941;
        .00832574;
        -.0140558;
        -.0109391;
        .0131551;
        .0267789;
        .0158858;
        -.00465608;
        -.00679745;
        .0144596;
        .0253702;
        .00764022;
        -.0116472;
        .000749043;
        .0348;
        .0412386;
        .000786359;
        -.0402874;
        -.0289991;
        .0204051;
        .0478768;
        .0152016;
        -.0317846;
        -.0372314;
        -.00650977;
        .025367;
        .0221844;
        -.0134693;
        -.0457588;
        -.0434617;
        -.0257335;
        -.000425978;
        .00459826;
        -.0248098;
        -.0501302;
        -.0569057;
        -.0160114;
        .0553455;
        .0789527;
        .0430164;
        .00998578;
        -.010797;
        -.0103091;
        .00839886;
        .00617015;
        -.0051459;
        -.00548963;
        .00161925;
        .00286305;
        -.000815086;
        -.00193968;
        1.49087e-5;
        .00142098;
        .000867639;
        -.000258138;
        -.000804045;
        -.000539681;
        -5.32107e-6;
        .000273403;
        -2.27554e-5;
        -.000220649;
        -.000207935;
        -8.4507e-6;
        .000967968;
        .00173169;
        .00157535;
        .00040438;
        -.000979315;
        -.00101645;
        .000317426;
        .00219647;
        .00260389;
        .00148901;
        .000825186;
        .00120187;
        .00198431;
        .00171077;
        .000508169;
        -.000736488;
        -.00106122;
        -.000819088;
        -.000626028;
        -.000943621;
        -.00110856;
        -.000712562;
        -.000538401;
        -.000408881;
        -.000908019];
